Id,Answer
0,0
1,0
2,0
3,0
4,0
5,0
6,0
7,-1
8,-1
9,-1
10,-1
11,-1
12,-1
13,-1
14,-1
15,-1
16,-1
17,-1
18,-1
19,-1
20,0
21,0
22,0
23,0
24,0
25,0
26,0
27,0
28,0
29,0
30,0
31,0
32,0
33,0
34,0
35,0
36,0
37,0
38,0
39,0
40,0
41,0
42,-1
43,-1
44,-1
45,-1
46,-1
47,-1
48,-1
49,-1
50,-1
51,-1
52,-1
53,-1
54,-1
55,-1
56,-1
57,-1
58,-1
59,-1
60,-1
61,-1
62,-1
63,-1
64,-1
65,-1
66,-1
67,-1
68,-1
69,-1
70,-1
71,-1
72,-1
73,-1
74,-1
75,-1
76,-1
77,-1
78,-1
79,-1
80,-1
81,-1
82,-1
83,-1
84,-1
85,-1
86,-1
87,1
88,1
89,1
90,1
91,1
92,1
93,0
94,0
95,0
96,0
97,0
98,0
99,0
100,0
101,0
102,0
103,0
104,0
105,0
106,0
107,0
108,0
109,0
110,0
111,0
112,0
113,0
114,0
115,0
116,0
117,0
118,0
119,0
120,0
121,0
122,-1
123,-1
124,-1
125,-1
126,-1
127,-1
128,-1
129,-1
130,-1
131,-1
132,-1
133,-1
134,-1
135,-1
136,-1
137,-1
138,-1
139,-1
140,-1
141,0
142,0
143,0
144,0
145,0
146,0
147,0
148,-1
149,-1
150,-1
151,-1
152,-1
153,-1
154,-1
155,-1
156,0
157,0
158,0
159,0
160,0
161,0
162,0
163,0
164,0
165,0
166,0
167,0
168,0
169,0
170,0
171,0
172,0
173,0
174,0
175,0
176,0
177,0
178,0
179,0
180,0
181,0
182,0
183,0
184,0
185,0
186,0
187,-1
188,-1
189,-1
190,-1
191,-1
192,-1
193,-1
194,-1
195,-1
196,-1
197,-1
198,-1
199,-1
200,-1
201,-1
202,-1
203,-1
204,0
205,0
206,0
207,0
208,0
209,0
210,0
211,0
212,0
213,0
214,0
215,0
216,-1
217,-1
218,-1
219,-1
220,-1
221,-1
222,-1
223,-1
224,-1
225,-1
226,-1
227,-1
228,-1
229,-1
230,0
231,0
232,0
233,0
234,0
235,0
236,0
237,0
238,0
239,0
240,0
241,0
242,0
243,-1
244,-1
245,-1
246,-1
247,-1
248,-1
249,-1
250,-1
251,-1
252,-1
253,-1
254,-1
255,-1
256,-1
257,0
258,0
259,0
260,-1
261,-1
262,-1
263,-1
264,-1
265,-1
266,-1
267,-1
268,-1
269,-1
270,-1
271,-1
272,-1
273,-1
274,-1
275,-1
276,-1
277,-1
278,-1
279,-1
280,-1
281,-1
282,-1
283,-1
284,-1
285,-1
286,-1
287,-1
288,-1
289,-1
290,-1
291,-1
292,-1
293,-1
294,-1
295,-1
296,-1
297,-1
298,-1
299,-1
300,-1
301,-1
302,-1
303,-1
304,-1
305,-1
306,-1
307,-1
308,-1
309,-1
310,0
311,0
312,0
313,0
314,0
315,0
316,0
317,0
318,0
319,0
320,0
321,0
322,0
323,0
324,0
325,0
326,0
327,0
328,0
329,0
330,0
331,0
332,0
333,0
334,0
335,0
336,0
337,0
338,0
339,0
340,0
341,0
342,0
343,0
344,0
345,0
346,0
347,0
348,0
349,0
350,0
351,0
352,-1
353,-1
354,-1
355,-1
356,-1
357,-1
358,-1
359,-1
360,-1
361,-1
362,-1
363,-1
364,-1
365,-1
366,-1
367,-1
368,-1
369,-1
370,-1
371,-1
372,-1
373,-1
374,0
375,0
376,0
377,0
378,0
379,0
380,0
381,0
382,0
383,0
384,0
385,0
386,0
387,0
388,0
389,0
390,0
391,0
392,0
393,0
394,0
395,0
396,0
397,0
398,0
399,0
400,0
401,0
402,0
403,0
404,0
405,0
406,0
407,0
408,0
409,-1
410,-1
411,-1
412,-1
413,-1
414,-1
415,-1
416,-1
417,-1
418,-1
419,-1
420,-1
421,-1
422,-1
423,-1
424,-1
425,-1
426,-1
427,-1
428,-1
429,-1
430,-1
431,-1
432,-1
433,-1
434,-1
435,-1
436,-1
437,-1
438,-1
439,-1
440,-1
441,-1
442,-1
443,-1
444,-1
445,-1
446,-1
447,-1
448,-1
449,-1
450,-1
451,-1
452,-1
453,-1
454,-1
455,-1
456,-1
457,-1
458,0
459,0
460,0
461,0
462,0
463,0
464,0
465,0
466,0
467,0
468,0
469,0
470,-1
471,-1
472,-1
473,-1
474,-1
475,-1
476,-1
477,-1
478,-1
479,-1
480,0
481,0
482,0
483,0
484,0
485,0
486,0
487,0
488,0
489,0
490,0
491,0
492,0
493,0
494,0
495,0
496,0
497,0
498,-1
499,-1
500,-1
501,-1
502,-1
503,-1
504,1
505,1
506,1
507,1
508,1
509,1
510,0
511,0
512,0
513,0
514,0
515,0
516,0
517,0
518,0
519,0
520,0
521,0
522,0
523,0
524,0
525,0
526,0
527,0
528,0
529,0
530,0
531,0
532,0
533,0
534,0
535,0
536,0
537,0
538,0
539,0
540,0
541,0
542,0
543,0
544,0
545,0
546,0
547,0
548,0
549,-1
550,-1
551,-1
552,-1
553,-1
554,-1
555,-1
556,-1
557,-1
558,-1
559,-1
560,-1
561,0
562,0
563,0
564,0
565,0
566,0
567,0
568,0
569,0
570,0
571,0
572,0
573,0
574,0
575,0
576,0
577,0
578,0
579,0
580,0
581,0
582,0
583,0
584,0
585,0
586,0
587,0
588,0
589,0
590,0
591,0
592,0
593,0
594,0
595,0
596,0
597,0
598,0
599,0
600,0
601,0
602,0
603,0
604,0
605,-1
606,-1
607,-1
608,-1
609,-1
610,-1
611,-1
612,-1
613,-1
614,-1
615,-1
616,-1
617,-1
618,-1
619,-1
620,-1
621,-1
622,-1
623,-1
624,-1
625,-1
626,-1
627,-1
628,-1
629,-1
630,-1
631,-1
632,-1
633,-1
634,-1
635,-1
636,-1
637,-1
638,-1
639,-1
640,-1
641,-1
642,-1
643,0
644,0
645,0
646,0
647,0
648,0
649,0
650,0
651,0
652,0
653,0
654,0
655,0
656,0
657,0
658,0
659,0
660,0
661,0
662,0
663,0
664,-1
665,-1
666,-1
667,-1
668,-1
669,-1
670,0
671,0
672,0
673,0
674,0
675,0
676,0
677,0
678,0
679,0
680,-1
681,-1
682,-1
683,-1
684,-1
685,-1
686,-1
687,-1
688,-1
689,-1
690,-1
691,-1
692,-1
693,-1
694,-1
695,-1
696,-1
697,-1
698,-1
699,-1
700,-1
701,-1
702,-1
703,0
704,0
705,0
706,0
707,0
708,0
709,0
710,0
711,0
712,0
713,0
714,0
715,0
716,0
717,0
718,-1
719,-1
720,-1
721,-1
722,-1
723,-1
724,-1
725,-1
726,-1
727,-1
728,-1
729,-1
730,-1
731,-1
732,-1
733,-1
734,-1
735,-1
736,-1
737,-1
738,-1
739,-1
740,0
741,0
742,0
743,0
744,0
745,0
746,0
747,0
748,0
749,0
750,0
751,0
752,0
753,0
754,0
755,0
756,0
757,0
758,0
759,0
760,0
761,0
762,0
763,0
764,0
765,0
766,0
767,0
768,0
769,0
770,0
771,0
772,0
773,0
774,0
775,0
776,0
777,0
778,0
779,0
780,0
781,0
782,0
783,0
784,0
785,0
786,0
787,0
788,0
789,0
790,0
791,0
792,0
793,-1
794,-1
795,-1
796,-1
797,-1
798,-1
799,-1
800,-1
801,0
802,0
803,0
804,0
805,0
806,0
807,0
808,0
809,0
810,0
811,0
812,0
813,0
814,0
815,0
816,0
817,0
818,0
819,0
820,0
821,0
822,0
823,0
824,0
825,0
826,0
827,-1
828,-1
829,-1
830,-1
831,-1
832,-1
833,-1
834,-1
835,-1
836,-1
837,-1
838,-1
839,-1
840,-1
841,-1
842,-1
843,-1
844,-1
845,-1
846,0
847,0
848,0
849,0
850,0
851,0
852,0
853,0
854,0
855,0
856,0
857,0
858,0
859,0
860,0
861,0
862,0
863,0
864,-1
865,-1
866,-1
867,-1
868,-1
869,-1
870,-1
871,-1
872,-1
873,-1
874,-1
875,-1
876,-1
877,-1
878,-1
879,-1
880,-1
881,-1
882,-1
883,-1
884,0
885,0
886,0
887,-1
888,-1
889,-1
890,-1
891,-1
892,-1
893,-1
894,-1
895,-1
896,0
897,0
898,0
899,0
900,0
901,0
902,-1
903,-1
904,-1
905,-1
906,-1
907,-1
908,-1
909,-1
910,-1
911,-1
912,-1
913,-1
914,-1
915,-1
916,-1
917,0
918,0
919,0
920,0
921,0
922,0
923,0
924,0
925,0
926,0
927,0
928,0
929,0
930,0
931,0
932,0
933,0
934,-1
935,-1
936,-1
937,-1
938,-1
939,-1
940,-1
941,-1
942,-1
943,-1
944,-1
945,-1
946,-1
947,-1
948,-1
949,-1
950,-1
951,-1
952,-1
953,-1
954,-1
955,-1
956,-1
957,-1
958,-1
959,-1
960,0
961,0
962,0
963,0
964,0
965,0
966,0
967,-1
968,-1
969,-1
970,-1
971,-1
972,-1
973,-1
974,-1
975,-1
976,-1
977,-1
978,-1
979,-1
980,-1
981,-1
982,-1
983,-1
984,-1
985,-1
986,-1
987,-1
988,-1
989,-1
990,-1
991,-1
992,-1
993,-1
994,-1
995,-1
996,-1
997,-1
998,-1
999,-1
1000,-1
1001,-1
1002,-1
1003,0
1004,0
1005,0
1006,0
1007,0
1008,0
1009,0
1010,0
1011,0
1012,-1
1013,-1
1014,-1
1015,-1
1016,-1
1017,0
1018,0
1019,0
1020,0
1021,0
1022,-1
1023,-1
1024,-1
1025,-1
1026,-1
1027,-1
1028,-1
1029,-1
1030,-1
1031,0
1032,0
1033,0
1034,0
1035,0
1036,0
1037,0
1038,0
1039,0
1040,0
1041,0
1042,0
1043,0
1044,0
1045,0
1046,0
1047,0
1048,0
1049,0
1050,0
1051,0
1052,0
1053,0
1054,0
1055,0
1056,0
1057,0
1058,0
1059,0
1060,0
1061,0
1062,0
1063,0
1064,0
1065,0
1066,0
1067,0
1068,0
1069,0
1070,0
1071,0
1072,0
1073,0
1074,0
1075,0
1076,0
1077,0
1078,0
1079,0
1080,-1
1081,-1
1082,-1
1083,-1
1084,-1
1085,-1
1086,-1
1087,-1
1088,0
1089,0
1090,0
1091,0
1092,0
1093,0
1094,0
1095,0
1096,0
1097,0
1098,0
1099,0
1100,0
1101,0
1102,0
1103,0
1104,0
1105,0
1106,-1
1107,-1
1108,-1
1109,-1
1110,-1
1111,-1
1112,-1
1113,-1
1114,-1
1115,-1
1116,-1
1117,-1
1118,-1
1119,-1
1120,-1
1121,-1
1122,-1
1123,-1
1124,-1
1125,-1
1126,-1
1127,-1
1128,-1
1129,-1
1130,-1
1131,-1
1132,-1
1133,-1
1134,-1
1135,-1
1136,-1
1137,-1
1138,-1
1139,-1
1140,-1
1141,-1
1142,-1
1143,-1
1144,-1
1145,-1
1146,-1
1147,-1
1148,-1
1149,-1
1150,-1
1151,-1
1152,-1
1153,-1
1154,-1
1155,-1
1156,-1
1157,-1
1158,-1
1159,-1
1160,-1
1161,-1
1162,-1
1163,-1
1164,-1
1165,-1
1166,-1
1167,-1
1168,-1
1169,-1
1170,-1
1171,-1
1172,-1
1173,-1
1174,-1
1175,-1
1176,-1
1177,-1
1178,-1
1179,-1
1180,-1
1181,-1
1182,-1
1183,-1
1184,-1
1185,-1
1186,-1
1187,-1
1188,0
1189,0
1190,0
1191,0
1192,0
1193,0
1194,0
1195,0
1196,0
1197,0
1198,0
1199,0
1200,0
1201,0
1202,-1
1203,-1
1204,-1
1205,-1
1206,-1
1207,-1
1208,-1
1209,-1
1210,-1
1211,-1
1212,-1
1213,-1
1214,-1
1215,-1
1216,-1
1217,0
1218,0
1219,0
1220,0
1221,0
1222,0
1223,0
